0 0 2 201707 0
12 1 2 15817 614
12 2 55397 98474824 277033
12 3 55385 90367344 221540
12 4 4 2373 4
12 5 2 90413 26
12 12 2 1202 2
12 14 2 1151 6
12 17 13866 40825564 271354
12 20 13866 95749911 459708
12 22 6929 4400186 27716
12 23 38803 26963445 331211
12 24 12470 7038164 62350
12 29 2 2133 26
12 37 6929 4298968 13858
12 45 2 2078 2
12 47 2 2270 2
12 50 4153 3542186 22153
12 52 4 3297 28
12 53 2 3664 16
12 54 6929 4608516 62487
12 57 4 11120 12
12 58 13852 6985355 13852
12 63 4 4928 34
12 65 2 5164 16
12 67 4154 2472860 15234
12 68 2 12643 30
12 70 8 10087 32
12 72 4158 7943131 20790
12 75 6 9125 24
12 76 4 5349 4
12 77 16 9419 16
12 78 14 7658 28
12 79 14 7754 28
12 80 14 7702 28
12 81 6 3163 6
12 82 14 8001 28
12 84 6929 7609985 6929
12 85 6927 3630462 6927
12 87 6929 146301506 285759
12 91 4 5713 15
12 92 7 45283 107
12 94 2767 30168761 99622
12 96 2771 18273508 8313
12 98 11082 43720818 167687
12 105 2 1010 2
12 117 2 13058 2
12 118 10 7708 32
12 120 6 7715 34
12 121 2 3588 2
12 125 11110 282532015 77764
12 126 80386 40407588 80386
12 127 92841 46330854 92841
12 128 13862 6977002 13862
12 129 37407 18808819 37407
12 134 13858 39225229 1079510
12 136 6929 6226200 110864
12 138 20793 11978676 124764
12 144 12 7980 72
12 145 6929 34768595 117793
12 147 6929 28011521 83148
12 148 6929 2827893376 55432
12 154 4 2741615181 12
12 155 4 13992 12
12 157 4 12989 16
12 158 2 41753114 8
12 160 2 7253 8
12 161 4 147250 26
12 164 4153 135937927 41528
12 168 2 5924 18
12 169 4 14854 4
12 172 4 22262 20
12 181 6 23325 30
12 182 4 5326 16
12 183 4 7093 24
12 185 4 9230 20
12 186 2 9091 14
12 189 2 10530 24
12 192 4153 8534130 20765
12 193 2 5836 18
12 195 4 35510 36
12 196 6933 15430765 27732
12 200 4175 41432127 12525
12 204 2 132413 4
12 212 4151 7533608 20755
12 217 37349 20500555 224094
12 218 37349 19741323 145245
12 224 6929 100281420 86517
12 226 2 52279 12
12 227 2 11391 38
12 229 6933 14373790 62457
