Hi_D
-0.00001161463345730806
0.00024665669989640471
-0.00243126201083021781
0.01468104693247536223
-0.06025750138211307533
0.17575079023627909747
-0.36750964239188882443
0.53431793939664684601
-0.47780918166848401762
0.12063054279310889139
0.26669819148846507506
-0.27742159197505472656
-0.06471335722477530861
0.24831065165186544386
-0.02466244570274563411
-0.19210235206508372019
0.04899511934135979130
0.14523208428704340034
-0.04440490868419939147
-0.10945611922348973122
0.02962787670262122253
0.08087413934560395978
-0.01410614651350997062
-0.05692632262763825529
0.00238027133691399951
0.03705145283184247545
0.00414591340531883859
-0.02166282796621136347
-0.00616752458860955928
0.01101739937087136550
0.00541156934370804529
-0.00464921728072008843
-0.00362722467381908177
0.00146895513638231633
0.00196474063875566856
-0.00022116789751775934
-0.00086730586543151949
-0.00010245375053239352
0.00030596546412335770
0.00010539154436307172
-0.00008103678342829494
-0.00005259809613258703
0.00001294045882413243
0.00001824268451760185
0.00000063617822415340
-0.00000455830975169049
-0.00000120288908485436
0.00000075600479339252
0.00000042859708439766
-0.00000005003362025863
-0.00000008965966656037
-0.00000001219924403736
0.00000001104383062912
0.00000000425042247190
-0.00000000043843879649
-0.00000000058810916834
-0.00000000008904724130
0.00000000003263270864
0.00000000001430918819
0.00000000000107561069
-0.00000000000053614824
-0.00000000000016638006
-0.00000000000002000715
-0.00000000000000094210
Lo_D
-0.00000000000000094210
0.00000000000002000715
-0.00000000000016638006
0.00000000000053614824
0.00000000000107561069
-0.00000000001430918819
0.00000000003263270864
0.00000000008904724130
-0.00000000058810916834
0.00000000043843879649
0.00000000425042247190
-0.00000001104383062912
-0.00000001219924403736
0.00000008965966656037
-0.00000005003362025863
-0.00000042859708439766
0.00000075600479339252
0.00000120288908485436
-0.00000455830975169049
-0.00000063617822415340
0.00001824268451760185
-0.00001294045882413243
-0.00005259809613258703
0.00008103678342829494
0.00010539154436307172
-0.00030596546412335770
-0.00010245375053239352
0.00086730586543151949
-0.00022116789751775934
-0.00196474063875566856
0.00146895513638231633
0.00362722467381908177
-0.00464921728072008843
-0.00541156934370804529
0.01101739937087136550
0.00616752458860955928
-0.02166282796621136347
-0.00414591340531883859
0.03705145283184247545
-0.00238027133691399951
-0.05692632262763825529
0.01410614651350997062
0.08087413934560395978
-0.02962787670262122253
-0.10945611922348973122
0.04440490868419939147
0.14523208428704340034
-0.04899511934135979130
-0.19210235206508372019
0.02466244570274563411
0.24831065165186544386
0.06471335722477530861
-0.27742159197505472656
-0.26669819148846507506
0.12063054279310889139
0.47780918166848401762
0.53431793939664684601
0.36750964239188882443
0.17575079023627909747
0.06025750138211307533
0.01468104693247536223
0.00243126201083021781
0.00024665669989640471
0.00001161463345730806
